2022-10-10 14:53:14.290 simulation: 0
2022-10-10 14:53:14.309 simulation: 4611686018427387903
2022-10-10 14:53:14.309 simulation: 2305843009213693951
2022-10-10 14:53:14.309 simulation: 1152921504606846975
2022-10-10 14:53:14.309 simulation: 576460752303423487
2022-10-10 14:53:14.309 simulation: 288230376151711743
2022-10-10 14:53:14.312 simulation: 144115188075855871
2022-10-10 14:53:14.313 simulation: 72057594037927935
2022-10-10 14:53:14.313 simulation: 36028797018963967
2022-10-10 14:53:14.314 simulation: 18014398509481983
2022-10-10 14:53:14.314 simulation: 9007199254740991
2022-10-10 14:53:14.315 simulation: 4503599627370495
2022-10-10 14:53:14.315 simulation: 2251799813685247
2022-10-10 14:53:14.315 simulation: 1125899906842623
2022-10-10 14:53:14.316 simulation: 562949953421311
2022-10-10 14:53:14.316 simulation: 281474976710655
2022-10-10 14:53:14.316 simulation: 140737488355327
2022-10-10 14:53:14.316 simulation: 70368744177663
2022-10-10 14:53:14.318 simulation: 35184372088831
2022-10-10 14:53:14.319 simulation: 17592186044415
2022-10-10 14:53:14.319 simulation: 8796093022207
2022-10-10 14:53:14.319 simulation: 4398046511103
2022-10-10 14:53:14.320 simulation: 2199023255551
2022-10-10 14:53:14.320 simulation: 1099511627775
2022-10-10 14:53:14.321 simulation: 549755813887
2022-10-10 14:53:14.321 simulation: 274877906943
2022-10-10 14:53:14.322 simulation: 137438953471
2022-10-10 14:53:14.324 simulation: 68719476735
2022-10-10 14:53:14.324 simulation: 34359738367
2022-10-10 14:53:14.325 simulation: 17179869183
2022-10-10 14:53:14.325 simulation: 8589934591
2022-10-10 14:53:14.326 simulation: 4294967295
2022-10-10 14:53:14.326 simulation: 2147483647
2022-10-10 14:53:14.327 simulation: 1073741823
2022-10-10 14:53:14.327 simulation: 536870911
2022-10-10 14:53:14.329 simulation: 268435455
2022-10-10 14:53:14.330 simulation: 134217727
2022-10-10 14:53:14.331 simulation: 67108863
2022-10-10 14:53:14.331 simulation: 33554431
2022-10-10 14:53:14.332 simulation: 16777215
2022-10-10 14:53:14.332 simulation: 8388607
2022-10-10 14:53:14.333 simulation: 4194303
2022-10-10 14:53:14.333 simulation: 2097151
2022-10-10 14:53:14.334 simulation: 1048575
2022-10-10 14:53:14.336 simulation: 524287
2022-10-10 14:53:14.337 simulation: 262143
2022-10-10 14:53:14.337 simulation: 131071
2022-10-10 14:53:14.338 simulation: 65535
2022-10-10 14:53:14.339 simulation: 32767
2022-10-10 14:53:14.340 simulation: 16383
2022-10-10 14:53:14.340 simulation: 8191
2022-10-10 14:53:14.342 simulation: 4095
2022-10-10 14:53:14.344 simulation: 2047
2022-10-10 14:53:14.344 simulation: 1023
2022-10-10 14:53:14.344 simulation: 511
2022-10-10 14:53:14.345 simulation: 767
2022-10-10 14:53:14.345 simulation: 639
2022-10-10 14:53:14.346 simulation: 703
2022-10-10 14:53:14.346 simulation: 671
2022-10-10 14:53:14.346 simulation: 655
2022-10-10 14:53:14.347 simulation: 647
2022-10-10 14:53:14.348 simulation: 651
2022-10-10 14:53:14.349 simulation: 649
2022-10-10 14:53:14.350 simulation: 650
2022-10-10 14:53:14.395 simulation: Bravo vous avez trouve le nombre avant la limite d'iterations en 00:00.041ms
2022-10-10 14:53:14.396 simulation: fin
2022-10-10 15:20:43.987 simulation: 0
2022-10-10 15:20:44.006 simulation: 4611686018427387903
2022-10-10 15:20:44.007 simulation: 2305843009213693951
2022-10-10 15:20:44.008 simulation: 1152921504606846975
2022-10-10 15:20:44.008 simulation: 576460752303423487
2022-10-10 15:20:44.009 simulation: 288230376151711743
2022-10-10 15:20:44.010 simulation: 144115188075855871
2022-10-10 15:20:44.011 simulation: 72057594037927935
2022-10-10 15:20:44.011 simulation: 36028797018963967
2022-10-10 15:20:44.012 simulation: 18014398509481983
2022-10-10 15:20:44.013 simulation: 9007199254740991
2022-10-10 15:20:44.014 simulation: 4503599627370495
2022-10-10 15:20:44.015 simulation: 2251799813685247
2022-10-10 15:20:44.016 simulation: 1125899906842623
2022-10-10 15:20:44.017 simulation: 562949953421311
2022-10-10 15:20:44.018 simulation: 281474976710655
2022-10-10 15:20:44.018 simulation: 140737488355327
2022-10-10 15:20:44.019 simulation: 70368744177663
2022-10-10 15:20:44.019 simulation: 35184372088831
2022-10-10 15:20:44.020 simulation: 17592186044415
2022-10-10 15:20:44.021 simulation: 8796093022207
2022-10-10 15:20:44.024 simulation: 4398046511103
2022-10-10 15:20:44.024 simulation: 2199023255551
2022-10-10 15:20:44.025 simulation: 1099511627775
2022-10-10 15:20:44.026 simulation: 549755813887
2022-10-10 15:20:44.027 simulation: 274877906943
2022-10-10 15:20:44.027 simulation: 137438953471
2022-10-10 15:20:44.028 simulation: 68719476735
2022-10-10 15:20:44.029 simulation: 34359738367
2022-10-10 15:20:44.029 simulation: 17179869183
2022-10-10 15:20:44.031 simulation: 8589934591
2022-10-10 15:20:44.031 simulation: 4294967295
2022-10-10 15:20:44.032 simulation: 2147483647
2022-10-10 15:20:44.033 simulation: 1073741823
2022-10-10 15:20:44.033 simulation: 536870911
2022-10-10 15:20:44.034 simulation: 268435455
2022-10-10 15:20:44.034 simulation: 134217727
2022-10-10 15:20:44.035 simulation: 67108863
2022-10-10 15:20:44.035 simulation: 33554431
2022-10-10 15:20:44.036 simulation: 16777215
2022-10-10 15:20:44.036 simulation: 8388607
2022-10-10 15:20:44.037 simulation: 4194303
2022-10-10 15:20:44.037 simulation: 2097151
2022-10-10 15:20:44.038 simulation: 1048575
2022-10-10 15:20:44.038 simulation: 524287
2022-10-10 15:20:44.039 simulation: 262143
2022-10-10 15:20:44.040 simulation: 131071
2022-10-10 15:20:44.041 simulation: 65535
2022-10-10 15:20:44.041 simulation: 32767
2022-10-10 15:20:44.042 simulation: 16383
2022-10-10 15:20:44.042 simulation: 8191
2022-10-10 15:20:44.043 simulation: 4095
2022-10-10 15:20:44.044 simulation: 2047
2022-10-10 15:20:44.045 simulation: 1023
2022-10-10 15:20:44.045 simulation: 511
2022-10-10 15:20:44.045 simulation: 767
2022-10-10 15:20:44.045 simulation: 639
2022-10-10 15:20:44.046 simulation: 703
2022-10-10 15:20:44.047 simulation: 671
2022-10-10 15:20:44.047 simulation: 655
2022-10-10 15:20:44.048 simulation: 647
2022-10-10 15:20:44.048 simulation: 651
2022-10-10 15:20:44.049 simulation: 649
2022-10-10 15:20:44.049 simulation: 650
2022-10-10 15:20:44.097 simulation: Bravo vous avez trouve le nombre avant la limite d'iterations en 00:00.043ms
2022-10-10 15:20:44.097 simulation: fin
2022-10-10 15:23:08.645 simulation: 0
2022-10-10 15:23:08.664 simulation: 4611686018427387903
2022-10-10 15:23:08.667 simulation: 2305843009213693951
2022-10-10 15:23:08.668 simulation: 1152921504606846975
2022-10-10 15:23:08.668 simulation: 576460752303423487
2022-10-10 15:23:08.669 simulation: 288230376151711743
2022-10-10 15:23:08.670 simulation: 144115188075855871
2022-10-10 15:23:08.670 simulation: 72057594037927935
2022-10-10 15:23:08.671 simulation: 36028797018963967
2022-10-10 15:23:08.672 simulation: 18014398509481983
2022-10-10 15:23:08.672 simulation: 9007199254740991
2022-10-10 15:23:08.673 simulation: 4503599627370495
2022-10-10 15:23:08.673 simulation: 2251799813685247
2022-10-10 15:23:08.674 simulation: 1125899906842623
2022-10-10 15:23:08.674 simulation: 562949953421311
2022-10-10 15:23:08.675 simulation: 281474976710655
2022-10-10 15:23:08.675 simulation: 140737488355327
2022-10-10 15:23:08.676 simulation: 70368744177663
2022-10-10 15:23:08.676 simulation: 35184372088831
2022-10-10 15:23:08.678 simulation: 17592186044415
2022-10-10 15:23:08.678 simulation: 8796093022207
2022-10-10 15:23:08.679 simulation: 4398046511103
2022-10-10 15:23:08.680 simulation: 2199023255551
2022-10-10 15:23:08.680 simulation: 1099511627775
2022-10-10 15:23:08.681 simulation: 549755813887
2022-10-10 15:23:08.683 simulation: 274877906943
2022-10-10 15:23:08.685 simulation: 137438953471
2022-10-10 15:23:08.685 simulation: 68719476735
2022-10-10 15:23:08.686 simulation: 34359738367
2022-10-10 15:23:08.686 simulation: 17179869183
2022-10-10 15:23:08.687 simulation: 8589934591
2022-10-10 15:23:08.688 simulation: 4294967295
2022-10-10 15:23:08.691 simulation: 2147483647
2022-10-10 15:23:08.691 simulation: 1073741823
2022-10-10 15:23:08.692 simulation: 536870911
2022-10-10 15:23:08.693 simulation: 268435455
2022-10-10 15:23:08.693 simulation: 134217727
2022-10-10 15:23:08.695 simulation: 67108863
2022-10-10 15:23:08.696 simulation: 33554431
2022-10-10 15:23:08.696 simulation: 16777215
2022-10-10 15:23:08.697 simulation: 8388607
2022-10-10 15:23:08.698 simulation: 4194303
2022-10-10 15:23:08.698 simulation: 2097151
2022-10-10 15:23:08.700 simulation: 1048575
2022-10-10 15:23:08.701 simulation: 524287
2022-10-10 15:23:08.702 simulation: 262143
2022-10-10 15:23:08.702 simulation: 131071
2022-10-10 15:23:08.703 simulation: 65535
2022-10-10 15:23:08.703 simulation: 32767
2022-10-10 15:23:08.704 simulation: 16383
2022-10-10 15:23:08.704 simulation: 8191
2022-10-10 15:23:08.705 simulation: 4095
2022-10-10 15:23:08.705 simulation: 2047
2022-10-10 15:23:08.706 simulation: 1023
2022-10-10 15:23:08.706 simulation: 511
2022-10-10 15:23:08.706 simulation: 767
2022-10-10 15:23:08.706 simulation: 639
2022-10-10 15:23:08.708 simulation: 703
2022-10-10 15:23:08.709 simulation: 671
2022-10-10 15:23:08.709 simulation: 655
2022-10-10 15:23:08.710 simulation: 647
2022-10-10 15:23:08.710 simulation: 651
2022-10-10 15:23:08.710 simulation: 649
2022-10-10 15:23:08.711 simulation: 650
2022-10-10 15:23:08.760 simulation: Bravo vous avez trouve le nombre avant la limite d'iterations en 00:00.047ms
2022-10-10 15:23:08.761 simulation: fin
